.366765
.366943
.367145
.367373
.367633
.367932
.368278
.368680
.369152
.369712
.370382
.371194
.372191
.373434
.375012
.377060
.379787
.383535
.388902
.397008
.410174
.434047
.486134
.656283
.839219
.841311
.843775
.846704
.850227
.854517
.859818
.866480
.875025
.886255
.901467
.922877
.954570
1.00494
1.09381
1.28181
1.51912
1.52599
1.53411
1.54382
1.55557
1.56999
1.58798
1.61086
1.64064
1.68057
1.73612
1.81732
1.87510
1.94445
2.16552
2.43053
.365509
.365556
.365608
.365663
.365724
.365789
.365861
.365939
.366025
.366119
.366223
.366337
.366465
.366607
2.44816
2.46914
2.49440
2.52522
2.56344
2.61174
2.62514
2.67420
2.75730
2.87198
3.03811
3.29578
3.60562
3.64456
3.69125
3.73914
3.74798
3.81800
3.90606
4.01932
4.05114
4.16917
4.37472
4.65249
4.67062
