.3563104
.3587262
.3587272
.3587399
.3599304
.3599314
.3599442
.3613642
.3634231
.3634241
.3634371
.3651981
.3651992
.3652123
.3704995
.3704996
.3705006
.3705141
.3732863
.3732874
.3733012
.3819602
.3819603
.3819613
.3819614
.3819757
.3833549
.3838100
.3867472
.3867484
.3867632
.3871786
.3878177
.3888605
.3888646
.3888649
.3926544
.3935945
.3964729
.4009256
.4023980
.4026184
.4026186
.4026197
.4026198
.4026357
.4120811
.4120824
.4120992
.4143759
.4168971
.4387929
.4437553
.4471470
.4471474
.4471486
.4471489
.2677128
.2677129
.2696118
.2723191
.2723192
.2763802
.2763803
.2829078
.2829081
.2945099
.2945104
.3187733
.3187744
.3187745
.3231270
.3258273
.3296773
.3354555
.3447589
.3554406
.3554416
.3554541
.3562969
.3562979
.4471683
.4713139
.4713156
.4713376
.4921931
.5015678
.5047738
.5874434
.5874460
.5875599
.5875614
.5875615
.5875625
.5875640
.5875966
.6678152
.6679677
.7065177
.7065215
.7065708
.7160556
.7160559
.7160560
.7281350
.7298032
.7298037
.7298038
.7499847
.7499855
.7816125
.7816137
.7816138
.8094115
.8265701
.8361714
.8361736
.8361738
.8518036
.8582612
.8582613
.8582628
.8582827
.8632707
.8632723
.8632925
.8776707
.8776709
.8776724
.8776725
.8776933
.8849144
.8849161
.8849374
.8863661
.8914772
.8996966
.8996966
.8996967
.8996968
.8996969
.8997004
.8997520
.8999736
.8999738
.9009144
.9009146
.9009147
.9009177
.9009182
.9063282
.9063284
.9063300
.9063302
.9063523
.9085421
.9111026
.9174488
.9174506
.9174735
.9210049
.9210325
.9210326
.9210327
.9210327
.9210328
.9210329
.9210366
.9213228
.9213230
.9227851
.9227853
.9227854
.9227883
.9227891
.9303163
.9340143
.9463537
.9463587
.9463591
.9516562
.9516565
.9516566
.9516582
.9516585
.9516827
.9524433
.9526155
.9526156
.9526157
.9526157
.9526158
.9526159
.9526160
.9526199
.9529261
.9529264
.9552890
.9552891
.9552892
.9552919
.9552931
.9552932
.9603441
.9625697
.9682388
.9702614
.9702634
.9702890
1.0023198
1.0027711
1.0027712
1.0027713
1.0027716
1.0027758
1.0031150
1.0031155
1.0072025
1.0072026
1.0072027
1.0072051
1.0072071
1.0072072
1.0138424
1.0233102
1.0311221
1.0311227
1.0311244
1.0311250
1.0311532
1.0667662
1.0667686
1.0667995
1.0902208
1.0912986
1.0912989
1.0912990
1.0912993
1.0912995
1.0912998
1.0913045
1.0917062
1.0917066
1.0917071
1.0996640
1.0996643
1.0996655
1.0996693
1.0996696
1.1013072
1.1044983
1.1225937
1.1967428
1.1967459
1.1969045
1.1969059
1.1969060
1.1969076
1.1969089
1.1969464
1.2527323
1.2527496
1.2527510
1.2755688
1.2784905
1.2784909
1.2784913
1.2784918
1.2784921
1.2784926
1.2784930
1.2784990
1.2790500
1.2790509
1.2790521
1.2845944
1.2845980
1.2846427
1.2968430
1.2970345
1.2984853
1.2984872
1.2984875
1.2984880
1.2984946
1.2984954
1.3411683
1.4488317
1.4488331
1.4488332
1.5062414
1.5062435
1.5062437
1.5083654
1.5929712
1.5948135
1.5948169
1.5948172
1.6608233
1.6673825
1.6673829
1.6673850
1.6673854
1.6674157
1.6863942
1.6863968
1.6864281
1.6996685
1.6996747
1.7002336
1.7002390
1.7002393
1.7002398
1.7002452
1.7003182
1.7327390
1.7329679
1.7329680
1.7329680
1.7329681
1.7329682
1.7329685
1.7329738
1.7335610
1.7335615
1.7351710
1.7351711
1.7351713
1.7351732
1.7351733
1.7351734
1.7351735
1.7351759
1.7351781
1.7351782
1.7351784
1.7353010
1.7353081
1.7353503
1.7353525
1.7353547
1.7353550
1.7353574
1.7374917
1.7374919
1.7374920
1.7374955
1.7374975
1.7374976
1.7422348
1.7422353
1.7422375
1.7422380
1.7422710
1.7449608
1.7449668
1.7449673
1.7476896
1.7571890
1.7659360
1.7710123
1.7710152
1.7710498
1.8133213
1.8139038
1.8139042
1.8139042
1.8139045
1.8139046
1.8139050
1.8139107
1.8145540
1.8145548
1.8163100
1.8163101
1.8163104
1.8163124
1.8163125
1.8163126
1.8163128
1.8163153
1.8163178
1.8163178
1.8163181
1.8165048
1.8165126
1.8165781
1.8165782
1.8165805
1.8165828
1.8165833
1.8165859
1.8207143
1.8207145
1.8207147
1.8207175
1.8207206
1.8207208
1.8300845
1.8444498
1.8555573
1.8589115
1.8589123
1.8589124
1.8589146
1.8589154
1.8589528
1.8685258
1.8685267
1.8685285
1.8685294
1.8685315
1.8685340
1.8685349
1.8685449
1.8697212
1.8697239
1.8697294
1.9063041
1.9063074
1.9063474
1.9089359
1.9096555
1.9393556
1.9406142
1.9406147
1.9406149
1.9406153
1.9406155
1.9406160
1.9406223
1.9413584
1.9413597
1.9433544
1.9433545
1.9433550
1.9433571
1.9433573
1.9433575
1.9433578
1.9433605
1.9433633
1.9433634
1.9433639
1.9436707
1.9436796
1.9437885
1.9437886
1.9437913
1.9437936
1.9437945
1.9437974
1.9437975
1.9454255
1.9517415
1.9517416
1.9517420
1.9517436
1.9517486
1.9517490
1.9542837
1.9543090
1.9543114
1.9543124
1.9543259
1.9543293
1.9556157
1.9556191
1.9592264
1.9828567
2.0424836
2.0424969
2.0424979
2.0601735
2.0601750
2.0601773
2.0601788
2.0602241
2.1120023
2.1120119
2.1121329
2.1132029
2.1493979
2.1494021
2.1494530
2.1580112
2.1607779
2.1607785
2.1607790
2.1607796
2.1607798
2.1607802
2.1607808
2.1607882
2.1617006
2.1617017
2.1617029
2.1641471
2.1641473
2.1641482
2.1641504
2.1641507
2.1641511
2.1641516
2.1641547
2.1641581
2.1641583
2.1641592
2.1647295
2.1647405
2.1649429
2.1649430
2.1649464
2.1649487
2.1649503
2.1649504
2.1649539
2.1649540
2.1814597
2.1814603
2.1814605
2.1814611
2.1814691
2.1814699
2.1840424
2.1842596
2.2284580
2.3063452
2.4722900
2.4722955
2.4727139
2.4727173
2.4727176
2.4727194
2.4727228
2.4727869
2.5957849
2.5957895
2.5957898
2.6113089
2.6184917
2.6184925
2.6184940
2.6184949
2.6184958
2.6184969
2.6184977
2.6185076
2.6198468
2.6198491
2.6198519
2.6233686
2.6233693
2.6233714
2.6233735
2.6233742
2.6233753
2.6233764
2.6233801
2.6233848
2.6233854
2.6233876
2.6247162
2.6247324
2.6251978
2.6251981
2.6252030
2.6252049
2.6252087
2.6252090
2.6252140
2.6252143
2.6531626
2.6536548
2.6671651
2.6671745
2.6671755
2.6671764
2.6671877
2.6671895
2.6881045
2.6881110
2.6881907
2.7600329
2.7860361
2.7860434
2.7860439
2.8140903
