lambda
.4066
.418
.4428
.45017
.47264
.476
.47627
.47799
.4882
.49638
.53593
.540451
.54148
.54202
.54503
.548753
.549406
.5508
.5535
.55446
.570512
.576272
.576605
.577249
.577594
.57783
.578045
.579308
.57953
.579698
.580913
.582842
.58436
.58448
.584965
.60049
.60101
.608973
.611316
.6177
.619595
.620306
.62341
.626973
.628386
.6307
.6318
.63535
.63585
.636244
.636726
.637612
.63792
.63969
.64126
.64139
.642541
.643949
.644533
.64492
.6494
.6533
.659735
.661362
.666067
.66993
.67018
.67095
.67418
.676759
.676859
.677007
.677902
.678046
.678864
.679239
.67952
.680142
.680328
.680931
.681114
.682
.682156
.682332
.682723
.683275
.683446
.683609
.683771
.683931
.684164
.684347
.684531
.684656
.684758
.68525
.686013
.686247
.688705
.691915
.694
.699307
.722401
.73345
.735745
.7367
.74055
.7429
.75592
.7562
.75697
.75806
.75857
.77197
.77217
.783268
.7927
.802616
.80408
.862075
.8649
.876345
.9577
.9632
.988
1.036
1.0393
1.0438
1.0504
1.078
1.0792
1.17975
1.1797
1.2293
1.2337
1.2518
1.2536
1.2623
1.2799
1.2861
1.3027
1.3175
1.5225
1.5617
1.5653
1.5673
1.599
1.6232
1.6573
1.6585
1.6596
1.5235
1.6769
